0 135 133.823664529
1 117 114.787891788
2 88 85.8037202823
3 63 59.814626672
4 46 42.1939902341
5 35 32.1380103814
6 31 27.1201070204
7 27 25.1736004764
8 28 25.3081266619
9 31 27.3424299542
10 36 31.7687844464
11 47 39.7635876741
12 62 53.1788763903
13 85 73.951947004
14 111 101.800156744
15 134 129.871765168
16 136 143.646226448
17 115 132.234842397
18 87 102.163522698
19 59 70.2514652391
20 40 46.9918176938
21 30 33.3524298975
22 24 26.3812971736
23 22 23.2646981906
24 22 22.3684139124
25 22 23.0567301538
26 25 25.4084847288
27 29 30.1422242441
28 37 38.7417403745
29 53 53.5734226851
30 76 77.275310118
31 107 109.764293331
32 140 142.144256463
33 153 155.421600538
34 135 137.422044586
35 100 99.9593775036
36 64 64.4578695976
37 41 41.0028832291
38 30 28.4293836568
39 23 22.4868721222
40 21 19.955663012
41 19 19.1526005419
42 19 19.4266406902
43 20 20.7487854114
44 21 23.5928110073
45 25 29.0830270137
46 33 39.3636419403
47 49 57.9353084108
48 76 88.7434171489
49 118 130.894532254
50 163 168.335210372
51 181 172.491866945
52 157 136.119992805
53 106 86.7015544963
54 60 49.8337302588
55 36 29.8540624188
56 23 20.93336386
57 18 17.4051220703
58 17 16.1086385738
59 16 15.657734392
60 16 15.5310932346
61 15 15.5658963599
62 15 15.7510234952
63 16 16.1772857638
64 17 17.0836181855
65 20 19.0180681209
66 25 23.2207472161
67 34 32.4492842277
68 56 52.4323683617
69 98 92.7657159758
70 172 159.756527236
71 242 227.9864577
72 239 230.584843925
73 157 155.817098722
74 75 76.1028749656
75 32 32.5620146616
76 17 17.4208758357
77 16 15.2118032295
78 17 17.4027915982
79 19 20.985793219
80 23 25.5672842125
81 29 31.8887501922
82 38 41.3388201861
83 52 55.7203369937
84 72 76.4645272246
85 98 102.347174804
86 124 126.142083246
87 135 135.411979912
88 126 122.919088061
89 98 95.7435970143
90 70 67.7587747537
91 50 47.2051050356
92 37 34.8589360166
93 32 28.4000232873
94 29 25.567194568
95 28 25.0490005748
96 29 26.4115555757
97 33 29.9225532679
98 44 36.5178144127
99 56 47.8370543573
100 77 65.9336705637
101 103 91.7010919601
102 126 121.035569405
103 139 141.503000752
104 125 138.97258552
105 96 113.51743074
106 65 80.5029483848
107 46 53.7833578371
108 33 37.104196288
109 26 28.2159983893
110 23 24.0233256872
111 21 22.4808615624
112 21 22.6493402126
113 24 24.3832215601
114 26 28.1758309593
115 34 35.2273299064
116 45 47.6091530361
117 67 68.0395993173
118 96 97.9344717654
119 130 132.128706551
120 151 154.225113576
121 145 146.865168351
122 112 113.546594457
123 76 75.4636443583
124 48 47.6228723978
125 32 31.7804821651
126 25 24.0114706833
127 20 20.569579117
128 20 19.2881647673
129 19 19.2220814477
130 20 20.1570537132
131 21 22.3904311812
132 24 26.7912851726
133 29 35.1032059006
134 43 50.3566269633
135 64 76.6352338946
136 101 115.725176958
137 148 157.812658484
138 181 176.165272132
139 170 151.873490273
140 125 103.086741986
141 74 60.4378890094
142 42 35.1148238517
143 26 23.1522640306
144 19 18.2512915677
145 14 16.4123856963
146 16 15.7593658687
147 15 15.5513870994
148 16 15.5373080875
149 15 15.6652289629
150 17 15.9899376083
151 16 16.6877347283
152 19 18.1704852423
153 22 21.3725403211
154 30 28.3913397415
155 47 43.7318845743
156 83 75.7698492486
157 147 133.936737383
158 225 208.110972439
159 250 240.501278059
160 185 186.492440319
161 96 100.324999628
162 41 43.5780691285
163 20 20.5395855759
164 15 15.195910072
165 17 16.4149713161
166 19 19.6543691455
167 23 23.8540861504
168 27 29.4522982491
169 36 37.6380804765
170 46 50.1107888307
171 65 68.5902255938
172 91 93.1344392796
173 120 118.879350249
174 135 134.508669326
175 132 129.460276139
176 106 105.829745455
177 78 76.7849532141
178 55 53.302910627
179 40 38.3354386723
180 31 30.1434755146
181 29 26.260133192
182 27 25.0345687709
183 28 25.755983517
184 33 28.4631613911
185 40 33.857887858
186 51 43.3403533937
187 69 58.9035206877
188 96 82.1410814156
189 123 111.191556812
190 136 136.453203778
191 129 142.744127556
192 104 123.902699198
193 73 91.5322600017
194 49 61.7863936168
195 35 41.783940876
196 29 30.6132551088
197 24 25.1097678153
198 22 22.8169497158
199 21 22.454995447
200 24 23.6379638963
201 27 26.6455983496
202 32 32.4208471592
203 44 42.7282774474
204 62 60.153746018
205 89 86.9456676191
206 122 120.901576162
207 149 149.337807174
208 149 152.818000663
209 122 126.300872825
210 85 87.5221987627
211 55 55.5467274859
212 37 36.0199676109
213 27 26.0257098787
214 22 21.4453957106
215 20 19.5907441346
216 19 19.17252074
217 20 19.7723321545
218 22 21.5255624227
219 24 25.0932767854
220 28 31.8894883399
221 39 44.4892133021
222 60 66.7603180761
223 94 101.916542879
224 138 145.127289776
225 176 174.331783516
226 176 163.692084401
227 136 119.263198663
228 85 72.4191921337
229 49 41.5761319938
230 30 26.0448569011
231 22 19.4131135287
232 19 16.8571543047
233 16 15.931110377
234 15 15.6195449699
235 14 15.5590575852
236 16 15.6528526461
237 16 15.9304914848
238 17 16.5369560648
239 18 17.8204734197
240 21 20.57071288
241 28 26.559467956
242 40 39.62823094
243 69 67.2000062797
244 124 119.115972521
245 206 192.154285916
246 252 238.889054886
247 210 202.333190019
248 119 117.183715404
249 52 52.7275548408
