3.98837938738 22.9386961693
3.73048121869 23.2358437093
3.17606943887 22.6996022189
2.5435977077 21.7386810436
2.02082404671 20.7034029347
1.65400877248 19.7338743881
1.4059650726 18.8594451129
1.34808198744 18.095205029
1.31043471162 17.4270590958
1.44364608827 16.9040863011
1.69539213012 16.5958922682
2.03266851983 16.5829145665
2.53556246701 17.0635031463
3.07627393422 18.1218625333
3.63805161848 19.7885485239
4.02040229745 21.6607560435
4.10875520732 23.0730803742
3.76693241464 23.4266617243
3.13996043211 22.8420923048
2.50579767621 21.838786323
1.90975556512 20.7523965075
1.45849293077 19.7293897483
1.18719303567 18.7968531404
1.01778966731 17.9432931173
0.98168677956 17.16890565
1.06022796159 16.4933873682
1.17920214269 15.9245760591
1.44092890058 15.5483738283
1.78096742997 15.4355596
2.25877614622 15.7626388893
2.92793661215 16.8329549781
3.61736745406 18.734035768
4.18074143378 21.1943649698
4.41732264115 23.352990484
4.12127518198 24.1835859612
3.4200417978 23.6424807409
2.6264089326 22.4479509176
1.88439854748 21.1578173389
1.34807541051 19.9862004913
1.04765114449 18.9464072062
0.840848228569 18.0117307106
0.790916495902 17.161820473
0.777412895785 16.3857048349
0.852926919548 15.6909661587
1.01604876249 15.1071174202
1.214489785 14.6485108517
1.56650121394 14.4483763243
2.10553081058 14.7234597548
2.86679597443 15.8467038292
3.7362382183 18.1085539016
4.52884747927 21.3508643796
4.83804288167 24.2144621996
4.4203395106 25.117526565
3.53010604807 24.1948477755
2.50836881232 22.5902823384
1.61015864314 21.0709049455
1.03254895512 19.7908320173
0.615195250213 18.7003632645
0.363055783471 17.7230176254
0.252720909657 16.8143995449
0.196889301153 15.9635429191
0.200900339221 15.1606171377
0.185061271903 14.4020420097
0.184890889565 13.6812303223
0.311586727447 13.0168320411
0.619857290976 12.4735149216
1.13882067674 12.2179143089
1.67581918581 12.2885040238
2.36207321355 12.9749153129
3.38567231583 15.0620073882
4.55153317455 19.0280580274
5.51759654009 24.1744681688
5.48249506316 27.0833485898
4.3708748611 26.1298595778
2.83791659642 23.6067595352
1.4930564864 21.4753712285
0.522287116194 19.996566712
-0.148393817649 18.933576832
-0.609948915542 18.1004063636
-0.898432419096 17.3725337819
-1.0984230906 16.7222068372
-1.37672448178 16.2764696015
-1.75870294249 16.1220772304
-2.24383820169 16.3882616618
-2.82502756989 17.2509161315
-3.42645468944 18.7924849553
-3.92792399902 20.8054236703
-4.15290794053 22.6369681605
-3.94925173143 23.5072537363
-3.43949242385 23.2991773423
-2.74952577124 22.3993075296
-2.13595699996 21.2992759127
-1.69211750414 20.235257262
-1.38957443265 19.2686252638
-1.29710993041 18.4184715281
-1.29686359711 17.6901496675
-1.37908956188 17.0943237963
-1.55066836749 16.6655428218
-1.84618362424 16.4913411936
-2.37253960231 16.8095396143
-2.88039757781 17.6471289769
-3.4670018153 19.1446332305
-3.93855977639 21.0452554464
-4.10246023265 22.6737127562
-3.94070949935 23.4375131908
-3.38634926171 23.132425164
-2.70349232652 22.2108293533
-2.04096958227 21.1109672875
-1.60043530117 20.061414106
-1.27496764344 19.101454568
-1.0807322515 18.2264880912
-1.01355295701 17.4327436405
-1.00293393631 16.7135870907
-1.08340521919 16.0863779612
-1.33093803166 15.6353784837
-1.59082925784 15.3709119907
-2.07082688567 15.5318450217
-2.63622134323 16.2590447678
-3.3793046419 17.8902342859
-4.03145026713 20.272976139
-4.41107493142 22.7194309731
-4.27996315095 24.0872954315
-3.70400923872 23.9770654095
-2.88481878936 22.9167328178
-2.13288546636 21.617325268
-1.52068134054 20.394903546
-1.10258097125 19.3087992551
-0.886153485863 18.3353046523
-0.728878364179 17.4474095006
-0.753103125229 16.6389968101
-0.807586657022 15.9106994104
-0.965113350228 15.2916794628
-1.1650161245 14.7997451772
-1.47405487974 14.5219942582
-1.88886645232 14.5736035695
-2.60480014784 15.3909518365
-3.4062768197 17.1876362826
-4.26347010872 20.139841104
-4.80000264077 23.3424584425
-4.6649132257 25.0626672731
-3.87518631901 24.6612699672
-2.86512859151 23.171407592
-1.89769365669 21.5781294044
-1.19199715385 20.2187659745
-0.718590916677 19.0712680682
-0.414564485236 18.0602156381
-0.140737159463 17.1473938034
-0.0497830075788 16.2759743069
0.0176813068001 15.4547519293
0.0693593239658 14.6771479846
0.0998561283239 13.9378339722
0.331012694654 13.2803403683
0.458910201092 12.6587975066
0.99880899478 12.3410922064
1.40252838823 12.17338054
2.07066270901 12.6094254446
3.00894250771 14.1599037161
4.20131543628 17.571279883
5.29682847581 22.6297298782
5.62718294049 26.6156693549
4.79129826003 26.7292238326
3.30032141641 24.3933190993
1.86436307623 22.0640637952
0.775510454763 20.4110351704
0.0395139731884 19.2394498554
-0.464850149964 18.337659054
-0.839066847482 17.6096738288
-1.07743361062 16.9578487552
-1.36281041505 16.4964203656
-1.66235076535 16.2347471949
-2.13248860547 16.3921302411
-2.61374472818 17.0070491679
-3.22759896951 18.3090969623
-3.80666010547 20.2243641037
-4.16164502148 22.2264210756
-4.05347220435 23.399441483
-3.61511389474 23.4583112981
-2.9270888915 22.6728133036
-2.30242266449 21.5925365993
-1.80408490997 20.5065984077
-1.46055709648 19.5116353943
-1.24573386227 18.6171317692
-1.24604576736 17.841552406
-1.29272396608 17.1868377931
-1.45584941457 16.6914919393
-1.79399415662 16.4734770161
-2.21311615248 16.6311749185
-2.7081489169 17.2910940111
-3.27862839328 18.5862887184
-3.84655584182 20.4704933582
-4.14553878898 22.3366653669
-4.00817741747 23.3624082815
-3.53332635992 23.3030365835
-2.88316502622 22.5001846781
-2.21540741494 21.4216272394
-1.67430663146 20.345259969
-1.31765300268 19.3543925943
-1.16376757728 18.4628266936
-1.05416144795 17.6551640851
-1.03801517814 16.9274186591
-1.0792906652 16.280607364
-1.30989555551 15.8019288685
-1.60541822292 15.5406212725
-1.98094465515 15.5913778255
-2.56402011724 16.2367169131
-3.22739634136 17.6456534443
-3.88248980762 19.8306205558
-4.3211664952 22.247515991
-4.33732591793 23.8752459644
-3.84848667739 24.0437090293
-3.09198399085 23.13820066
-2.32020299354 21.8641707518
-1.69127958243 20.6246200235
-1.26200504847 19.5203710788
-0.985055540333 18.5372936475
-0.833313514177 17.6463119904
-0.792768198396 16.8333331554
-0.8182415726 16.0947760137
-0.959771853199 15.4609534936
-1.20352610053 14.9847775061
-1.47758490551 14.6893185085
-1.8373908278 14.676348421
-2.44062262835 15.27852457
-3.25991260652 16.8828508699
-4.11914265234 19.6293714462
-4.70179151786 22.8010765998
-4.71211200645 24.8403892203
-4.05947129569 24.8026245379
-3.08019807229 23.445416877
-2.11751245564 21.8401958074
-1.37755521453 20.4360509257
-0.877946857885 19.2541847917
-0.588859963207 18.2193739124
-0.451417110499 17.2789672643
-0.331401408017 16.4114055048
-0.260324411477 15.5925419597
-0.184024222136 14.8120742983
-0.253748475753 14.078241651
-0.363694406457 13.3992906412
-0.608311015062 12.8239770019
-0.867912869867 12.3568956945
-1.27703123582 12.1336812484
-1.91572826509 12.4342691183
-2.70293474675 13.5279249031
-3.82568601578 16.3116526974
-5.00788854143 21.0272496161
-5.68778015031 25.8317084402
-5.13530471692 27.1078575121
-3.74643863896 25.1655089153
-2.23925725458 22.6875907355
