0 0
1 0
2 0
3 0
4 0
5 0
6 0
7 0
8 0
9 0
10 0
11 0
12 0
13 0
14 3
15 13
16 24
17 22
18 7
19 20
20 22
21 16
22 17
23 13
24 13
25 10
26 6
27 16
28 15
29 13
30 12
31 4
32 9
33 9
34 3
35 6
36 8
37 7
38 5
39 3
40 9
41 3
42 1
43 5
44 3
45 3
46 5
47 5
48 4
49 6
50 2
51 1
52 2
53 2
54 4
55 5
56 2
57 2
58 3
59 3
60 6
61 0
62 4
63 3
64 4
65 3
66 1
67 1
68 3
69 2
70 4
71 1
72 1
73 2
74 2
75 3
76 3
77 1
78 2
79 2
80 0
81 2
82 2
83 4
84 1
85 4
86 2
87 2
88 2
89 1
90 2
91 2
92 1
93 0
94 3
95 2
96 4
97 1
98 3
99 1
