250 23 22.7596340809
251 16 15.4555031811
252 15 16.3130704522
253 17 19.6630316617
254 20 24.0407721479
255 26 29.7694126681
256 32 37.9986618818
257 43 50.3812138255
258 59 68.5702135237
259 83 92.6123908837
260 111 117.872366261
261 132 133.545146471
262 134 129.302176939
263 116 106.671024079
264 86 78.1362481945
265 60 54.6272862994
266 44 39.4058603489
267 35 30.962670407
268 28 26.9049819545
269 27 25.5780592336
270 27 26.2472962334
271 30 28.9261842278
272 36 34.2870974069
273 48 43.685955056
274 64 59.050118373
275 87 81.9193207598
276 115 110.52434355
277 134 135.662041778
278 134 142.560170322
279 113 124.725424924
280 83 92.9536719656
281 57 63.1775684606
282 40 42.8515321078
283 30 31.3634370698
284 25 25.6444791953
285 22 23.2272373955
286 21 22.7984738886
287 22 23.9438012148
288 24 26.9191916049
289 30 32.6395456148
290 38 42.8270339837
291 55 60.0128319376
292 79 86.4368829983
293 112 120.107085289
294 143 148.861876572
295 154 153.474457683
296 135 128.048769366
297 97 89.463640901
298 63 57.0164260856
299 40 36.9366997344
300 30 26.564000706
301 23 21.7755654462
302 20 19.814700806
303 20 19.3378072281
304 20 19.8926406615
305 20 21.5891252632
306 22 25.057680241
307 27 31.6634458266
308 35 43.9089953913
309 50 65.6112385998
310 78 100.166806203
311 121 143.547442895
312 166 174.697723727
313 183 166.797396697
314 154 123.312355767
315 104 75.4244534409
316 59 43.1818487961
317 35 26.7521205567
318 24 19.7034564331
319 19 16.9894591524
320 17 16.0103258389
321 17 15.677869768
322 16 15.5982962137
323 17 15.6582823119
324 16 15.8679943596
325 17 16.3349960428
326 17 17.3264194981
327 20 19.4532831165
328 25 24.1025371289
329 37 34.3608077925
330 58 56.5858735092
331 106 101.012673062
332 181 172.35494669
333 247 237.98442697
334 232 228.333528347
335 147 145.812224281
336 66 68.0844955087
337 29 28.8279800707
338 17 16.4676261582
339 15 15.6105816059
340 18 18.4590334262
341 21 22.4872403763
342 24 27.5502097333
343 29 34.5193396437
344 39 44.828825341
345 54 60.1586524494
346 75 81.4368634239
347 102 106.426761464
348 128 127.063846215
349 136 131.960676882
350 123 116.797311528
351 95 90.0642626399
352 68 64.2142134448
353 47 45.6999492352
354 37 34.6703481598
355 30 28.9479318288
356 28 26.572195835
357 27 26.4647618353
358 30 28.3548081868
359 33 32.6472880346
360 45 40.4033004646
361 58 53.2974972348
362 81 73.0530596449
363 107 99.3824755507
364 130 126.169614881
365 136 140.329760473
366 120 131.30859705
367 91 103.816842066
368 64 73.0685929621
369 43 49.7117847777
370 33 35.5264004985
371 25 28.0582519807
372 22 24.6348466287
373 20 23.6154554302
374 23 24.3355302322
375 24 26.8612227536
376 27 31.9108026657
377 35 40.9450318014
378 48 56.193357186
379 70 79.8766649732
380 101 111.153450139
381 134 140.738608276
382 152 151.128708645
383 140 132.678953786
384 107 97.1561328363
385 70 63.8140723084
386 46 41.5769694252
387 29 29.433919083
388 24 23.5774904038
389 20 21.0741769205
390 19 20.3785153841
391 19 20.9226629859
392 19 22.7769192729
393 21 26.5796164116
394 26 33.7157213287
395 32 46.6343535346
396 45 68.8009263333
397 70 102.591698548
398 108 142.52100947
399 155 168.189607449
400 181 157.516683092
401 163 116.545527332
402 114 72.8784579697
403 68 43.2888562653
404 38 27.7885388842
405 24 20.8274946386
406 19 17.9756392401
407 17 16.8943659333
408 16 16.5886920859
409 15 16.7262936937
410 14 17.3049769626
411 15 18.5776313365
412 15 21.1701541071
413 17 26.4281497489
414 18 37.0980553345
415 23 58.2404318036
416 30 96.7715147452
417 49 153.651086134
418 88 204.187858918
419 158 201.49535319
420 234 142.248851978
421 246 77.2418631593
422 174 37.8134465087
423 86 21.0642071179
424 36 15.9288500711
425 19 15.2691179653
426 16 16.0444772313
427 16 17.3538875339
428 19 19.2233082951
429 22 22.1824333515
430 27 27.3132694369
431 36 36.5900945366
432 49 53.2932887149
433 68 81.5711285743
434 94 122.392108206
435 121 163.598318149
436 137 177.026203493
437 130 147.492133194
438 104 97.4220115622
439 75 56.3799616093
440 54 32.9432289419
441 39 22.1744401005
442 31 17.8624202911
443 28 16.2784358164
444 28 15.7264752927
445 29 15.5513705929
446 33 15.5337349727
447 40 15.6254929805
448 55 15.8649965494
449 73 16.3839758978
450 99 17.4939774174
451 123 19.9104804858
452 137 25.2724635624
453 127 37.2414344124
454 100 63.2556719886
455 71 114.410749386
456 49 191.555290931
457 34 249.126103213
458 27 218.326817959
459 24 127.205850762
460 22 55.615113456
461 21 23.733166515
462 22 15.4857815073
463 27 16.4594765496
464 32 20.2183568587
465 43 24.9971133985
466 62 31.0198358083
467 90 39.3490908853
468 125 51.4457076627
469 150 68.616288233
470 147 90.5710814012
471 118 112.983242949
472 81 126.681372555
473 53 123.225300133
474 36 103.751590291
475 25 78.4229910186
476 20 56.7293401357
477 19 42.0839789129
478 18 33.6450711541
479 18 29.4992085207
480 20 28.2170169797
481 23 29.1586441764
482 28 32.3903595852
483 40 38.6081270527
484 60 49.0789775899
485 95 65.298207384
486 140 87.6872335448
487 176 112.794733815
488 175 131.053960888
489 133 131.294387928
490 82 112.022307217
491 47 84.0247822202
492 28 59.2070221728
493 20 42.3656483529
494 17 32.7012742945
495 16 27.8717533429
496 15 26.06049586
497 16 26.3677072596
498 15 28.6721400855
499 17 33.5172376357
500 17 42.1143493788
501 20 56.26838936
502 22 77.6224458332
503 28 105.167843711
504 43 131.220806118
505 74 141.704416309
506 134 127.998154251
507 215 98.0762945091
508 253 67.7398995365
509 202 45.9905592195
510 109 33.2773493444
511 47 26.7761906404
512 23 23.9143336918
513 16 23.2298503326
514 16 24.1979355866
515 18 26.9915077725
516 21 32.4379857497
517 27 42.1384967925
518 33 58.4741618626
519 46 83.6447247162
520 62 116.138760362
521 85 145.093241464
522 114 152.128974376
523 134 129.75714153
524 134 92.6019918963
525 112 59.8841162362
526 84 38.9549044066
527 58 27.8608529855
528 41 22.631708921
529 33 20.4518019053
530 29 19.903095052
531 28 20.4946761484
532 29 22.3344977213
533 32 26.0812569239
534 38 33.1477478096
535 48 46.0586521248
536 65 68.4688208648
537 90 103.078944499
538 118 144.523235175
539 135 171.487074738
540 132 160.385034495
541 109 117.614209338
542 79 72.4964392739
543 54 42.3992201894
544 37 26.939029557
545 28 20.1596043581
546 25 17.455802184
547 21 16.445246611
548 21 16.1252133976
549 23 16.1460649563
550 25 16.4528964841
551 30 17.176598462
552 40 18.6852440863
553 57 21.8045409849
554 82 28.3175650334
555 116 41.9001101927
556 146 69.1884760738
557 151 117.955362516
558 128 183.178360173
559 92 223.527308538
560 60 192.41184104
561 38 117.243941538
562 28 56.750878986
563 23 27.0052725056
564 20 16.9231509185
565 19 15.2434661952
566 19 16.3747789659
567 20 18.4247638326
568 21 21.1894830909
569 27 25.2573985514
570 36 31.8446933343
571 54 42.9574643331
572 83 61.4071187385
573 128 89.5499521538
574 171 124.813848226
575 179 153.38504073
576 146 155.029155202
577 94 125.955287258
578 55 85.7524784859
579 32 53.673701798
580 22 34.5900731127
581 17 25.0421949445
582 17 20.7488947826
583 16 19.0241151028
584 16 18.6047206786
585 16 19.0726899266
586 17 20.5219038506
587 16 23.5159242907
588 19 29.301889056
589 21 40.2551066892
590 26 60.2813617367
591 37 93.7446069019
592 63 139.197753908
593 114 177.567937511
594 191 177.358211162
595 249 134.686748746
596 225 82.2937573837
597 135 45.7559218183
598 60 27.1186979998
599 27 19.3263394532
600 17 16.4970067593
601 16 15.5797415634
602 18 15.3122073292
603 21 15.2436456108
604 26 15.2305942661
605 31 15.2322299653
606 40 15.2392183491
607 57 15.2523950017
608 79 15.2788405644
609 107 15.3361110911
610 131 15.4665406287
611 137 15.7747242425
612 121 16.5253089096
613 92 18.4003466881
614 65 23.1719957486
615 47 35.3720547591
616 36 65.6994190373
617 30 133.228279185
618 27 242.898046737
619 27 312.513250256
620 31 236.789148178
621 36 106.946189569
622 46 34.5521955696
623 60 15.5463486078
624 82 19.3346583241
625 111 29.452246762
626 132 40.3726363487
627 136 50.937902003
628 117 61.0705171955
629 89 70.4758608137
630 61 78.259278663
631 42 83.1279391516
632 31 84.0505470667
633 25 80.9763730844
634 23 75.0182477455
635 21 67.9198798389
636 22 61.2858624028
637 23 56.1408300057
638 27 52.9359250022
639 37 51.7755636839
640 50 52.6319868433
641 72 55.4467637041
642 105 60.10649055
643 137 66.3087601653
644 153 73.3636380002
645 139 80.0543577795
646 103 84.7730494257
647 68 86.0786949131
648 43 83.452630801
649 31 77.6567678123
