1.80411253886 0.35755342442 -464.236402791
1.80411253886 0.357912774595 -464.03052497
1.80411253886 0.35827212477 -463.864904207
1.80411253886 0.358631474946 -463.739528226
1.80411253886 0.358990825121 -463.654388493
1.80411253886 0.359350175296 -463.609480719
1.80411253886 0.359709525471 -463.604805423
1.80411253886 0.360068875647 -463.640368564
1.80411253886 0.360428225822 -463.716182259
1.80411253886 0.360787575997 -463.832265587
1.80411253886 0.361146926173 -463.988645495
 
1.80592571729 0.35755342442 -464.134529935
1.80592571729 0.357912774595 -463.93875826
1.80592571729 0.35827212477 -463.783299295
1.80592571729 0.358631474946 -463.668141433
1.80592571729 0.358990825121 -463.593276906
1.80592571729 0.359350175296 -463.558702299
1.80592571729 0.359709525471 -463.564419125
1.80592571729 0.360068875647 -463.610434478
1.80592571729 0.360428225822 -463.696761767
1.80592571729 0.360787575997 -463.823421538
1.80592571729 0.361146926173 -463.990442414
 
1.80773889572 0.35755342442 -464.046627665
1.80773889572 0.357912774595 -463.860963969
1.80773889572 0.35827212477 -463.715668765
1.80773889572 0.358631474946 -463.61073114
1.80773889572 0.358990825121 -463.546144114
1.80773889572 0.359350175296 -463.521905173
1.80773889572 0.359709525471 -463.538016857
1.80773889572 0.360068875647 -463.594487428
1.80773889572 0.360428225822 -463.691331627
1.80773889572 0.360787575997 -463.828571517
1.80773889572 0.361146926173 -464.006237446
 
1.80955207415 0.35755342442 -463.972643974
1.80955207415 0.357912774595 -463.797090092
1.80955207415 0.35827212477 -463.661960624
1.80955207415 0.358631474946 -463.567245368
1.80955207415 0.358990825121 -463.51293816
1.80955207415 0.359350175296 -463.499037414
1.80955207415 0.359709525471 -463.525546728
1.80955207415 0.360068875647 -463.592475571
1.80955207415 0.360428225822 -463.699840057
1.80955207415 0.360787575997 -463.847663814
1.80955207415 0.361146926173 -464.035978966
 
1.81136525258 0.35755342442 -463.912527045
1.81136525258 0.357912774595 -463.747084822
1.81136525258 0.35827212477 -463.622123075
1.81136525258 0.358631474946 -463.537632339
1.81136525258 0.358990825121 -463.493607289
1.81136525258 0.359350175296 -463.490047298
1.81136525258 0.359709525471 -463.526957055
1.81136525258 0.360068875647 -463.604347275
1.81136525258 0.360428225822 -463.722235487
1.81136525258 0.360787575997 -463.880646933
1.81136525258 0.361146926173 -464.079615568
 
1.81317843101 0.35755342442 -463.86622526
1.81317843101 0.357912774595 -463.710896545
1.81317843101 0.35827212477 -463.596104518
1.81317843101 0.358631474946 -463.52184047
1.81317843101 0.358990825121 -463.488099946
1.81317843101 0.359350175296 -463.494883303
1.81317843101 0.359709525471 -463.542196361
1.81317843101 0.360068875647 -463.630051118
1.81317843101 0.360428225822 -463.758466558
1.81317843101 0.360787575997 -463.927469587
1.81317843101 0.361146926173 -464.13709606
 
1.81499160944 0.35755342442 -463.833687189
1.81499160944 0.357912774595 -463.688473844
1.81499160944 0.35827212477 -463.583853548
1.81499160944 0.358631474946 -463.51981838
1.81499160944 0.358990825121 -463.496364775
1.81499160944 0.359350175296 -463.513494113
1.81499160944 0.359709525471 -463.571213375
1.81499160944 0.360068875647 -463.669535877
1.81499160944 0.360428225822 -463.808482117
1.81499160944 0.360787575997 -463.988080715
1.81499160944 0.361146926173 -464.208369476
 
1.81680478787 0.35755342442 -463.814861601
1.81680478787 0.357912774595 -463.679765494
1.81680478787 0.35827212477 -463.585318959
1.81680478787 0.358631474946 -463.531514883
1.81680478787 0.358990825121 -463.518350626
1.81680478787 0.359350175296 -463.545828613
1.81680478787 0.359709525471 -463.613957025
1.81680478787 0.360068875647 -463.722750548
1.81680478787 0.360428225822 -463.872231232
1.81680478787 0.360787575997 -464.062429466
1.81680478787 0.361146926173 -464.29338507
 
1.8186179663 0.35755342442 -463.809697452
1.8186179663 0.357912774595 -463.684720466
1.8186179663 0.35827212477 -463.600449743
1.8186179663 0.358631474946 -463.556878996
1.8186179663 0.358990825121 -463.554006538
1.8186179663 0.359350175296 -463.591835886
1.8186179663 0.359709525471 -463.670376453
1.8186179663 0.360068875647 -463.789644333
1.8186179663 0.360428225822 -463.949663181
1.8186179663 0.360787575997 -464.150465209
1.8186179663 0.361146926173 -464.392092318
 
1.82043114473 0.35755342442 -463.818143895
1.82043114473 0.357912774595 -463.703287929
1.82043114473 0.35827212477 -463.629195078
1.82043114473 0.358631474946 -463.595859925
1.82043114473 0.358990825121 -463.603281762
1.82043114473 0.359350175296 -463.651465225
1.82043114473 0.359709525471 -463.740421003
1.82043114473 0.360068875647 -463.870166642
1.82043114473 0.360428225822 -464.040727452
1.82043114473 0.360787575997 -464.252137529
1.82043114473 0.361146926173 -464.504440917
 
1.82224432317 0.35755342442 -463.840150276
1.82224432317 0.357912774595 -463.735417235
1.82224432317 0.35827212477 -463.671504348
1.82224432317 0.358631474946 -463.648407082
1.82224432317 0.358990825121 -463.666125744
1.82224432317 0.359350175296 -463.724666123
1.82224432317 0.359709525471 -463.824040226
1.82224432317 0.360068875647 -463.964267096
1.82224432317 0.360428225822 -464.14537375
1.82224432317 0.360787575997 -464.367396228
1.82224432317 0.361146926173 -464.630380788
 
