1.000  0.200  0.7240
1.000  0.300  0.7470
1.000  0.400  0.7676
1.000  0.500  0.7844
1.000  0.600  0.7972
1.000  0.700  0.8023
1.000  0.800  0.8087
1.000  0.900  0.8033
1.000  1.000  0.7954
2.000  0.200  0.7330
2.000  0.300  0.7577
2.000  0.400  0.7763
2.000  0.500  0.7953
2.000  0.600  0.8038
2.000  0.700  0.8095
2.000  0.800  0.8125
2.000  0.900  0.8090
2.000  1.000  0.8001
3.000  0.200  0.7414
3.000  0.300  0.7680
3.000  0.400  0.7924
3.000  0.500  0.8030
3.000  0.600  0.8097
3.000  0.700  0.8140
3.000  0.800  0.8107
3.000  0.900  0.8114
3.000  1.000  0.8033
4.000  0.200  0.7516
4.000  0.300  0.7775
4.000  0.400  0.7995
4.000  0.500  0.8108
4.000  0.600  0.8166
4.000  0.700  0.8147
4.000  0.800  0.8149
4.000  0.900  0.8110
4.000  1.000  0.8020
5.000  0.200  0.7632
5.000  0.300  0.7896
5.000  0.400  0.8052
5.000  0.500  0.8134
5.000  0.600  0.8192
5.000  0.700  0.8192
5.000  0.800  0.8147
5.000  0.900  0.8064
5.000  1.000  0.8003
6.000  0.200  0.7760
6.000  0.300  0.8009
6.000  0.400  0.8103
6.000  0.500  0.8157
6.000  0.600  0.8218
6.000  0.700  0.8179
6.000  0.800  0.8156
6.000  0.900  0.8047
6.000  1.000  0.7984
7.000  0.200  0.7832
7.000  0.300  0.8062
7.000  0.400  0.8164
7.000  0.500  0.8204
7.000  0.600  0.8199
7.000  0.700  0.8157
7.000  0.800  0.8100
7.000  0.900  0.8025
7.000  1.000  0.7968
8.000  0.200  0.7919
8.000  0.300  0.8101
8.000  0.400  0.8195
8.000  0.500  0.8206
8.000  0.600  0.8160
8.000  0.700  0.8121
8.000  0.800  0.8035
8.000  0.900  0.7999
8.000  1.000  0.7955
9.000  0.200  0.7998
9.000  0.300  0.8138
9.000  0.400  0.8211
9.000  0.500  0.8178
9.000  0.600  0.8142
9.000  0.700  0.8050
9.000  0.800  0.8009
9.000  0.900  0.7978
9.000  1.000  0.7903
10.000  0.200  0.8056
10.000  0.300  0.8167
10.000  0.400  0.8186
10.000  0.500  0.8142
10.000  0.600  0.8107
10.000  0.700  0.8010
10.000  0.800  0.7977
10.000  0.900  0.7915
10.000  1.000  0.7838
11.000  0.200  0.8086
11.000  0.300  0.8169
11.000  0.400  0.8150
11.000  0.500  0.8122
11.000  0.600  0.8032
11.000  0.700  0.8003
11.000  0.800  0.7920
11.000  0.900  0.7862
11.000  1.000  0.7792
12.000  0.200  0.8127
12.000  0.300  0.8153
12.000  0.400  0.8134
12.000  0.500  0.8060
12.000  0.600  0.8007
12.000  0.700  0.7964
12.000  0.800  0.7882
12.000  0.900  0.7826
12.000  1.000  0.7756
13.000  0.200  0.8111
13.000  0.300  0.8112
13.000  0.400  0.8073
13.000  0.500  0.8035
13.000  0.600  0.7987
13.000  0.700  0.7916
13.000  0.800  0.7850
13.000  0.900  0.7779
13.000  1.000  0.7702
